Adryan;1;86;78;62;93;81
Agatha;2;65;62;79;87;68
Alana;4;93;54;67;85;89
Alexandre;2;88;51;62;76;82
Alexia;1;73;76;75;66;86
Alice;5;94;80;70;76;70
Alícia;4;89;76;86;79;89
Amanda;2;73;90;77;66;65
Ana;4;73;92;83;56;77
Ana Beatriz;1;52;97;81;89;66
Ana Carolina;3;61;63;75;58;95
Ana Clara;4;53;96;92;85;63
Ana Julia;3;75;71;96;94;63
Ana Laura;1;51;66;64;95;61
Ana Lívia;1;91;75;54;93;87
Ana Luiza;2;59;76;85;92;54
Ana Sophia;4;52;99;62;91;96
André;3;88;79;79;96;80
Anthony;2;98;64;52;87;91
Antonella;4;61;85;96;78;71
Antônia;5;70;52;72;60;91
Antonio;4;61;50;97;91;99
Arthur;4;53;68;50;53;65
Augusto;3;64;75;64;85;92
Ayla;1;72;82;57;79;59
Bárbara;3;53;60;58;64;54
Beatriz;5;53;50;56;60;57
Benício;4;55;91;62;78;52
Benjamin;3;51;74;90;70;57
Bernardo;5;61;85;98;68;67
Bianca;3;57;69;62;66;56
Brenda;2;56;71;90;100;69
Breno;5;87;56;95;70;52
Bruna;1;91;63;79;77;87
Bruno;2;84;100;95;71;57
Bryan;3;81;88;59;62;58
Caio;3;87;80;98;70;58
Calebe;1;79;54;73;91;95
Camila;4;83;68;53;58;57
Carlos Eduardo;2;96;65;91;57;66
Carolina;4;65;99;98;64;100
Caroline;1;52;77;75;91;81
Catarina;3;94;98;77;51;56
Cauã;1;74;78;98;83;51
Cecília;3;58;72;70;56;90
Clara;5;59;63;66;61;55
Clarice;4;81;78;100;70;66
Daniel;5;61;98;68;84;79
Danilo;5;55;70;74;84;78
Davi ;1;91;88;65;74;63
Davi Lucas;2;55;68;86;51;95
Davi Lucca;3;72;69;99;79;96
Davi Luiz;1;58;84;74;58;95
Diego;5;57;58;71;66;99
Diogo;3;66;89;77;98;69
Eduarda;3;67;87;80;65;86
Eduardo;2;90;88;51;82;62
Elisa;5;79;69;53;73;53
Eloá;3;92;50;98;52;63
Emanuel;4;89;50;82;95;64
Emanuelly;3;64;54;54;64;91
Emilly;2;76;54;98;96;81
Enrico;5;70;63;83;75;76
Enzo;5;95;89;74;56;78
Enzo Gabriel;1;92;84;71;51;54
Erick;2;81;90;69;85;59
Esther;1;74;86;68;72;79
Evellyn;5;58;60;91;73;61
Felipe;1;69;89;51;82;73
Fernanda;1;79;97;84;99;59
Fernando;5;78;75;78;88;89
Francisco;3;58;60;67;95;50
Gabriel;4;66;95;55;51;92
Gabriela;3;80;99;61;63;57
Gabrielly;1;59;68;75;61;62
Giovanna;4;94;60;81;98;88
Giovanni;5;73;76;95;56;75
Guilherme;3;54;54;52;65;54
Gustavo;3;57;79;90;68;77
Heitor;2;81;52;83;87;64
Helena;5;60;71;58;55;87
Heloísa;2;60;61;55;58;51
Henrique;4;70;54;85;95;70
Henry;2;67;75;84;94;50
Ian;4;98;98;92;50;88
Iara;5;99;65;63;64;86
Ícaro;4;85;57;91;64;57
Igor;2;71;54;91;71;69
Isaac;3;60;100;98;71;80
Isabel;3;82;74;87;84;51
Isabella;3;99;89;72;59;62
Isabelly;1;99;80;52;73;92
Isadora;3;90;92;51;72;53
Isis;5;81;68;84;97;82
Joana;4;89;66;73;50;100
João;4;53;88;60;51;71
João Gabriel;4;99;59;81;83;60
João Guilherme;2;54;87;65;51;80
João Lucas;5;89;74;53;75;68
João Miguel;4;54;96;99;68;50
João Paulo;5;67;53;71;80;63
João Pedro;1;51;83;88;83;89
João Vitor;4;95;70;65;93;76
Joaquim;1;88;99;62;56;54
Juan;2;61;61;89;61;86
Julia;2;74;83;80;87;93
Juliana;2;65;91;67;51;95
Kaique;2;84;61;60;78;74
Kamilly;5;54;81;78;79;93
Kauê (mudou);4;80;97;72;90;86
Laís;5;61;53;97;64;74
Lara;1;69;57;60;80;80
Larissa;3;52;97;77;85;54
Laura;3;69;70;53;55;80
Lavínia;4;96;61;75;83;97
Leonardo;5;78;90;83;64;54
Letícia;4;81;59;76;68;67
Levi;3;56;73;90;87;51
Lis;2;57;95;90;61;59
Lívia;4;89;69;94;100;63
Lorena;3;79;100;95;80;100
Lorenzo;3;72;75;69;86;68
Luan;5;73;82;64;90;63
Luana;5;68;59;84;53;63
Lucas;2;68;88;88;72;64
Lucas Gabriel;3;73;100;58;69;75
Lucca;2;85;61;65;77;89
Luiza;3;65;97;88;82;78
Luiz Felipe;3;60;79;81;90;80
Luiz Gustavo;1;56;82;70;74;84
Luiz Henrique;4;83;51;84;66;96
Luiz Miguel;2;68;52;90;64;60
Luiz Otávio;5;89;54;87;73;58
Luna;4;91;55;79;51;72
Maitê;3;94;84;84;58;78
Malu;1;85;54;86;60;73
Manuela;1;58;93;61;79;50
Marcela;5;76;81;75;65;50
Marcelo;4;65;57;91;80;76
Maria;3;80;61;64;98;83
Maria Alice;1;78;95;51;70;98
Maria Cecília;2;96;85;68;66;54
Maria Clara;2;93;58;55;67;55
Maria Eduarda;3;59;61;77;59;87
Maria Fernanda;4;95;75;66;89;75
Maria Julia;1;81;50;82;58;53
Maria Laura;1;78;86;78;74;67
Maria Luiza;5;92;82;52;51;61
Mariana;4;74;51;83;95;91
Maria Sophia;3;70;69;70;57;85
Maria Vitória;5;99;54;74;52;82
Marina;1;88;59;82;86;72
Matheus;3;81;96;50;64;87
Melissa;2;65;86;55;61;57
Miguel;5;89;62;100;81;91
Mikaela;4;70;74;50;56;75
Milena;5;59;69;63;84;83
Mirella;4;53;67;50;67;81
Murilo;3;68;89;57;63;69
Nathalia;4;76;96;80;94;62
Nathan;1;51;85;94;99;58
Nicolas;4;61;57;93;55;80
Nicole;2;70;93;65;98;100
Noah;2;62;69;73;66;50
Olivia;5;84;96;92;91;85
Otávio;2;99;90;89;96;75
Paulo;2;72;82;95;81;69
Pedro;5;78;99;93;86;70
Pedro Henrique;2;65;68;74;82;86
Pedro Lucas;5;67;73;53;84;63
Pedro Miguel;4;99;66;95;84;67
Pietra;1;95;75;68;66;58
Pietro;5;51;74;50;85;66
Rafael;5;93;100;97;52;85
Rafaela;2;91;53;97;55;91
Raul;1;84;93;70;95;56
Rebeca;5;99;55;81;81;58
Renan;1;71;86;55;51;94
Ricardo;1;52;56;93;96;69
Rodrigo;2;77;57;56;89;66
Ryan;5;94;77;59;66;97
Samuel;4;95;82;77;79;98
Sarah;2;65;96;94;95;85
Sophia;5;61;77;87;54;50
Sophie;5;78;93;59;60;62
Stefany;1;78;70;69;62;52
Stella;5;52;75;55;62;83
Théo;1;70;90;66;57;68
Thiago;5;58;69;68;80;66
Thomas;5;65;81;68;93;73
Valentina;4;67;90;75;94;54
Vicente;4;63;51;88;67;57
Vinicius;1;54;98;81;91;53
Vitor;1;100;100;72;74;93
Vitor Hugo;2;95;92;78;96;62
Vitória;2;74;51;51;60;85
William;2;65;58;61;56;90
Yago;2;73;68;78;56;53
Yasmin;2;54;79;95;53;92
Yuri;2;60;59;75;88;56
